0 1.75
1 0.8
2 0.75
3 0.65
4 0.98
5 0.57
6 0.34
7 1.09
8 1.17
9 0.06
10 0.89
11 0.05
12 0.45
13 0.03
14 0.62
15 0.83
16 1.01
17 1.4
18 1.56
19 1.22
20 0.38
21 0.38
22 0.29
23 1.63
24 0.58
25 0.02
26 1.84
27 1.49
28 0.5
29 1.97
30 0.48
31 0.85
32 1.52
33 0.41
34 0.89
35 0.22
36 1.16
37 1.89
38 0.64
39 1.97
40 0.44
41 1.89
42 1.24
43 1.38
44 1.86
45 1.14
46 0.11
47 0.41
48 0.39
49 1.91
50 0.23
51 1.65
52 0.28
53 0.82
54 0.53
55 0.55
56 1.79
57 1.29
58 1.21
59 0.13
60 1.34
61 1.35
62 1.16
63 0.34
64 0.96
65 1.44
66 1.73
67 1.53
68 1.83
69 0.27
70 1.24
71 1.02
72 1.94
73 1.05
74 1.17
75 1.03
76 0.46
77 1.23
78 1.85
79 1.82
80 1.81
81 0.49
82 0.14
83 1.33
84 0.93
85 0.53
86 1.34
87 1.7
88 0.66
89 1.56
90 1.02
91 0.63
92 1.74
93 0.93
94 1.13
95 1.8
96 1.95
97 1.02
98 1.42
99 0.0
100 1.55
101 0.39
102 0.98
103 0.6
104 0.59
105 0.91
106 1.24
107 1.27
108 0.46
109 0.22
110 1.95
111 1.47
112 1.48
113 0.05
114 1.03
115 1.03
116 0.25
117 0.23
118 0.6
119 1.43
120 1.48
121 0.18
122 1.41
123 1.99
124 0.62
125 0.18
126 1.66
127 1.67
128 1.19
129 0.65
130 1.54
131 0.19
132 1.96
133 1.88
134 0.82
135 0.05
136 1.24
137 0.18
138 1.79
139 0.83
140 0.17
141 1.45
142 0.48
143 0.48
144 0.48
145 1.11
146 0.59
147 0.97
148 1.8
149 0.56
150 1.4
151 1.74
152 0.94
153 1.7
154 0.2
155 0.64
156 0.86
157 1.2
158 1.4
159 1.29
160 0.59
161 1.9
162 1.68
163 1.95
164 1.1
165 1.61
166 1.91
167 1.83
168 1.31
169 0.7
170 1.05
171 0.44
172 1.53
173 1.33
174 0.81
175 0.75
176 1.36
177 1.54
178 0.15
179 1.48
180 0.8
181 1.0
182 1.76
183 0.6
184 1.84
185 0.09
186 1.81
187 1.06
188 1.87
189 0.76
190 0.85
191 1.04
192 0.37
193 1.02
194 1.95
195 0.95
196 0.96
197 0.39
198 1.55
199 0.7
200 1.96
201 0.02
202 1.35
203 1.18
204 1.87
205 1.38
206 0.07
207 0.69
208 1.9
209 1.73
210 0.32
211 1.79
212 1.32
213 1.22
214 0.54
215 0.36
216 1.4
217 0.33
218 0.6
219 1.47
220 0.41
221 0.36
222 1.79
223 0.71
224 0.27
225 1.74
226 0.54
227 0.12
228 1.65
229 0.62
230 1.67
231 1.65
232 1.99
233 1.62
234 0.79
235 0.43
236 0.04
237 1.53
238 1.44
239 1.65
240 0.02
241 0.81
242 1.63
243 0.82
244 1.5
245 0.69
246 0.26
247 1.25
248 1.07
249 0.85
250 1.36
251 0.33
252 1.29
253 1.33
254 1.73
255 0.07
256 0.59
257 0.14
258 0.34
259 0.72
260 0.74
261 1.37
262 1.52
263 0.36
264 0.11
265 1.94
266 1.96
267 0.79
268 0.28
269 0.51
270 1.13
271 0.05
272 1.4
273 1.08
274 1.44
275 1.46
276 1.87
277 1.75
278 0.75
279 1.01
280 0.93
281 0.67
282 0.31
283 1.55
284 1.69
285 0.38
286 0.08
287 0.68
288 1.34
289 0.74
290 1.46
291 0.25
292 0.95
293 0.17
294 1.91
295 0.26
296 1.37
297 0.61
298 0.65
299 0.27
300 0.76
301 1.53
302 1.44
303 1.98
304 0.21
305 0.57
306 1.18
307 0.34
308 1.61
309 0.96
310 0.72
311 1.4
312 1.49
313 0.1
314 0.99
315 1.62
316 0.86
317 1.26
318 0.36
319 1.83
320 1.72
321 1.96
322 0.73
323 0.41
324 0.28
325 1.24
326 0.41
327 0.24
328 0.28
329 0.7
330 0.92
331 0.97
332 0.39
333 0.25
334 1.08
335 0.87
336 1.13
337 1.99
338 1.75
339 0.9
340 0.93
341 0.07
342 1.63
343 0.7
344 1.51
345 1.49
346 0.72
347 1.66
348 0.35
349 1.1
350 0.26
351 1.09
352 1.59
353 0.78
354 0.28
355 0.66
356 0.55
357 0.44
358 1.2
359 0.21
360 1.68
361 0.32
362 0.96
363 1.24
364 0.08
365 1.5
366 0.26
367 1.89
368 1.21
369 0.77
370 0.18
371 1.43
372 0.08
373 0.72
374 1.33
375 1.72
376 1.56
377 1.61
378 1.85
379 1.36
380 1.57
381 1.83
382 0.41
383 1.75
384 1.13
385 1.37
386 0.62
387 0.44
388 0.35
389 1.23
390 1.23
391 0.73
392 0.57
393 0.81
394 1.78
395 0.57
396 0.13
397 0.8
398 0.55
399 0.07
400 1.13
401 1.11
402 0.97
403 0.92
404 1.45
405 1.13
406 1.57
407 1.92
408 1.07
409 0.82
410 0.65
411 1.2
412 0.42
413 0.4
414 0.52
415 1.8
416 1.99
417 1.43
418 0.92
419 1.42
420 1.97
421 0.4
422 1.83
423 0.17
424 1.52
425 1.14
426 0.62
427 0.82
428 1.41
429 1.74
430 1.9
431 0.19
432 1.13
433 0.41
434 0.05
435 0.57
436 1.42
437 1.6
438 0.58
439 1.55
440 1.65
441 1.32
442 0.57
443 0.44
444 0.27
445 1.34
446 1.84
447 1.65
448 0.53
449 1.98
450 0.46
451 1.69
452 0.27
453 0.3
454 0.76
455 1.82
456 0.41
457 0.52
458 1.07
459 1.37
460 1.69
461 0.46
462 0.49
463 1.94
464 1.06
465 1.69
466 1.55
467 0.16
468 0.77
469 1.07
470 0.32
471 0.6
472 0.8
473 1.97
474 1.75
475 0.68
476 0.76
477 0.2
478 0.22
479 0.48
480 0.7
481 0.26
482 1.15
483 1.42
484 1.68
485 0.1
486 1.32
487 0.66
488 1.34
489 0.5
490 1.05
491 1.36
492 0.69
493 1.38
494 1.81
495 1.32
496 1.24
497 1.5
498 0.3
499 0.83
500 0.45
501 1.98
502 0.96
503 0.6
504 1.47
505 1.37
506 1.48
507 0.67
508 0.17
509 0.02
510 1.02
511 0.18
512 0.69
513 1.6
514 0.28
515 0.35
516 1.27
517 1.8
518 1.04
519 0.44
520 0.11
521 1.29
522 1.92
523 1.28
524 1.23
525 0.24
526 1.25
527 1.53
528 0.18
529 1.8
530 1.12
531 0.52
532 1.28
533 1.04
534 1.15
535 0.38
536 0.07
537 1.55
538 1.11
539 1.93
540 0.48
541 1.19
542 1.35
543 1.63
544 0.75
545 1.26
546 1.34
547 0.03
548 0.51
549 0.58
550 0.59
551 0.57
552 1.51
553 1.25
554 0.4
555 1.4
556 0.54
557 1.46
558 1.26
559 0.69
560 1.02
561 1.79
562 1.47
563 0.8
564 1.8
565 1.32
566 1.13
567 0.43
568 1.78
569 1.57
570 1.37
571 0.12
572 0.41
573 1.02
574 0.79
575 1.81
576 1.08
577 0.54
578 0.79
579 1.48
580 0.7
581 0.92
582 0.65
583 1.9
584 1.77
585 0.16
586 0.63
587 0.83
588 1.49
589 1.32
590 1.2
591 0.25
592 1.77
593 0.07
594 1.02
595 0.31
596 0.69
597 1.54
598 0.91
599 1.0
600 0.41
601 1.24
602 0.83
603 1.48
604 1.42
605 0.52
606 0.65
607 1.57
608 1.1
609 0.81
610 1.59
611 1.82
612 1.3
613 0.63
614 0.12
615 1.13
616 0.3
617 1.05
618 0.3
619 0.13
620 0.2
621 1.39
622 1.35
623 1.11
624 0.56
625 0.77
626 1.92
627 1.72
628 0.04
629 0.64
630 1.63
631 0.62
632 1.63
633 0.8
634 0.74
635 1.29
636 0.86
637 0.3
638 0.43
639 0.98
640 0.45
641 0.52
642 0.89
643 0.75
644 1.97
645 1.18
646 0.77
647 0.35
648 0.82
649 0.11
650 0.5
651 0.71
652 0.74
653 1.48
654 1.81
655 1.02
656 0.01
657 1.98
658 0.44
659 0.84
660 1.31
661 1.72
662 0.84
663 0.2
664 0.13
665 0.22
666 1.87
667 0.46
668 0.35
669 1.34
670 1.24
671 1.19
672 1.59
673 0.77
674 0.03
675 1.25
676 1.6
677 1.11
678 0.07
679 1.06
680 1.21
681 1.35
682 1.51
683 1.13
684 1.25
685 0.88
686 1.45
687 1.08
688 0.03
689 1.09
690 0.01
691 0.68
692 0.9
693 1.08
694 1.57
695 1.82
696 0.59
697 0.96
698 1.83
699 1.79
700 1.87
701 1.15
702 0.03
703 0.03
704 1.72
705 1.46
706 0.65
707 0.38
708 1.98
709 1.43
710 0.43
711 1.14
712 0.28
713 0.62
714 1.29
715 1.61
716 0.42
717 0.97
718 1.83
719 1.52
720 1.18
721 1.95
722 1.52
723 0.93
724 0.45
725 1.72
726 1.92
727 1.95
728 1.63
729 0.1
730 1.4
731 1.23
732 1.36
733 0.55
734 1.61
735 1.32
736 0.17
737 1.24
738 0.04
739 1.89
740 1.73
741 1.08
742 1.3
743 0.97
744 0.07
745 1.25
746 1.44
747 0.15
748 0.67
749 0.93
750 1.98
751 1.7
752 1.17
753 0.66
754 0.34
755 0.81
756 1.97
757 1.3
758 0.76
759 0.48
760 0.19
761 0.73
762 1.06
763 0.23
764 0.36
765 0.44
766 0.06
767 1.55
768 0.08
769 0.12
770 0.35
771 1.15
772 0.54
773 1.62
774 0.68
775 0.37
776 0.59
777 1.15
778 0.05
779 0.17
780 1.21
781 0.03
782 1.92
783 0.81
784 1.57
785 0.14
786 1.94
787 1.82
788 0.67
789 1.81
790 0.28
791 1.82
792 0.39
793 1.81
794 0.83
795 0.39
796 1.36
797 0.52
798 0.24
799 0.99
800 1.5
801 1.98
802 1.1
803 1.15
804 1.68
805 1.75
806 0.45
807 0.83
808 1.2
809 1.14
810 1.97
811 0.31
812 1.6
813 1.61
814 1.81
815 1.19
816 1.8
817 0.88
818 0.93
819 1.27
820 1.83
821 0.54
822 0.14
823 0.29
824 1.11
825 0.05
826 1.34
827 0.38
828 0.49
829 0.92
830 0.74
831 1.38
832 1.8
833 1.14
834 1.14
835 0.33
836 0.53
837 1.48
838 1.03
839 1.36
840 0.65
841 1.12
842 1.81
843 1.44
844 1.79
845 0.59
846 1.13
847 0.73
848 1.86
849 0.75
850 0.82
851 0.18
852 1.91
853 0.6
854 1.66
855 1.65
856 1.26
857 1.18
858 0.71
859 0.86
860 0.47
861 1.01
862 0.21
863 0.3
864 1.64
865 0.56
866 0.03
867 1.07
868 1.85
869 1.37
870 1.7
871 0.17
872 0.99
873 0.84
874 1.46
875 1.9
876 0.28
877 1.06
878 0.34
879 1.94
880 1.45
881 1.03
882 0.67
883 0.01
884 1.76
885 0.11
886 1.21
887 1.92
888 0.27
889 1.64
890 1.68
891 1.07
892 1.48
893 0.16
894 1.61
895 1.21
896 0.75
897 0.18
898 0.27
899 0.17
900 0.39
901 0.8
902 1.14
903 0.98
904 0.84
905 0.02
906 1.23
907 1.17
908 0.22
909 1.38
910 0.95
911 1.51
912 1.39
913 0.12
914 0.01
915 1.64
916 0.26
917 0.15
918 1.15
919 0.8
920 1.6
921 0.77
922 0.74
923 0.58
924 1.19
925 1.44
926 1.68
927 1.24
928 0.24
929 0.33
930 1.61
931 1.46
932 1.27
933 0.06
934 0.26
935 0.52
936 0.98
937 0.93
938 1.67
939 1.35
940 0.06
941 1.63
942 0.95
943 1.62
944 1.06
945 1.02
946 0.41
947 0.13
948 1.25
949 0.21
950 0.97
951 0.86
952 1.94
953 1.07
954 1.4
955 1.19
956 0.42
957 0.75
958 0.37
959 0.44
960 0.99
961 0.46
962 0.04
963 1.35
964 0.58
965 0.01
966 0.01
967 0.05
968 1.76
969 1.68
970 1.66
971 0.58
972 1.8
973 0.94
974 0.75
975 1.29
976 0.1
977 0.5
978 0.6
979 0.34
980 0.43
981 1.41
982 1.06
983 0.92
984 1.59
985 0.92
986 1.68
987 0.41
988 1.62
989 1.4
990 1.01
991 0.26
992 1.33
993 0.34
994 0.94
995 1.48
996 0.66
997 1.81
998 0.15
999 1.69
1000 0.33
1001 1.68
1002 0.24
1003 0.21
1004 0.97
1005 1.47
1006 1.16
1007 0.04
1008 0.84
1009 0.23
1010 0.28
1011 1.0
1012 1.38
1013 0.0
1014 1.6
1015 1.06
1016 1.36
1017 0.74
1018 1.26
1019 0.35
1020 0.61
1021 0.08
1022 0.61
1023 0.22
1024 1.3
1025 1.91
1026 1.28
1027 1.18
1028 0.91
1029 0.57
1030 0.75
1031 1.29
1032 0.12
1033 0.25
1034 1.67
1035 0.15
1036 0.8
1037 0.64
1038 0.98
1039 0.33
1040 0.94
1041 0.36
1042 0.59
1043 1.86
1044 0.31
1045 1.96
1046 1.75
1047 1.68
1048 0.87
1049 1.98
1050 0.69
1051 1.84
1052 1.81
1053 1.4
1054 1.91
1055 0.1
1056 0.72
1057 0.18
1058 0.2
1059 1.15
1060 1.62
1061 0.64
1062 1.02
1063 1.15
1064 1.04
1065 1.78
1066 1.3
1067 0.71
1068 0.81
1069 1.47
1070 0.68
1071 1.51
1072 0.26
1073 0.83
1074 0.87
1075 1.61
1076 0.36
1077 1.21
1078 0.64
1079 0.55
1080 0.29
1081 0.43
1082 1.58
1083 0.67
1084 1.37
1085 0.05
1086 0.68
1087 1.97
1088 1.51
1089 0.57
1090 0.62
1091 0.72
1092 0.92
1093 0.24
1094 1.77
1095 1.98
1096 1.33
1097 1.25
1098 0.67
1099 0.22
1100 1.61
1101 0.52
1102 0.28
1103 0.05
1104 0.91
1105 0.39
1106 0.62
1107 1.75
1108 1.34
1109 0.64
1110 0.44
1111 0.26
1112 0.26
1113 1.0
1114 0.88
1115 1.13
1116 1.72
1117 0.59
1118 0.06
1119 0.59
1120 0.48
1121 0.28
1122 1.46
1123 0.57
1124 0.81
1125 1.54
1126 0.39
1127 0.48
1128 0.07
1129 1.8
1130 0.96
1131 0.53
1132 1.07
1133 1.2
